2 0.587 0.666 0.045 0.085
2 0.302 0.743 0.046 0.118
2 0.724 0.671 0.037 0.098
2 0.809 0.641 0.06 0.194
0 0.157 0.259 0.095 0.083
0 0.279 0.241 0.095 0.083
0 0.509 0.211 0.095 0.083
0 0.658 0.176 0.095 0.083
0 0.847 0.194 0.095 0.083
1 0.374 0.23 0.051 0.025
1 0.277 0.26 0.053 0.025
1 0.834 0.268 0.057 0.036
4 0.336 0.508 0.026 0.28
4 0.455 0.378 0.045 0.107
4 0.523 0.374 0.031 0.111
4 0.609 0.451 0.029 0.275
4 0.703 0.355 0.024 0.091
4 0.783 0.398 0.04 0.118
4 0.893 0.449 0.067 0.22
4 0.129 0.441 0.036 0.07
