4 0.112 0.628 0.133 0.31
4 0.331 0.587 0.133 0.341
4 0.493 0.561 0.101 0.333
4 0.59 0.419 0.035 0.053
4 0.717 0.256 0.031 0.113
2 0.04 0.852 0.048 0.118
2 0.561 0.792 0.048 0.118
2 0.403 0.784 0.044 0.096
2 0.262 0.779 0.045 0.086
2 0.446 0.811 0.048 0.118
2 0.654 0.699 0.073 0.12
4 0.679 0.39 0.035 0.053
1 0.116 0.325 0.073 0.025
1 0.497 0.273 0.073 0.025
1 0.346 0.279 0.06 0.023
1 0.624 0.283 0.054 0.021
0 0.619 0.197 0.06 0.087
0 0.493 0.203 0.075 0.078
0 0.339 0.218 0.054 0.079
0 0.109 0.251 0.099 0.089
0 0.882 0.128 0.179 0.121
