4 0.07 0.561 0.027 0.272
4 0.204 0.415 0.038 0.107
4 0.273 0.42 0.035 0.108
4 0.328 0.499 0.026 0.283
4 0.417 0.464 0.026 0.212
4 0.577 0.551 0.033 0.292
4 0.493 0.46 0.019 0.139
4 0.775 0.605 0.075 0.266
4 0.71 0.591 0.048 0.297
4 0.807 0.447 0.056 0.142
4 0.742 0.578 0.123 0.26
4 0.92 0.608 0.035 0.359
2 0.687 0.773 0.04 0.105
2 0.532 0.63 0.054 0.132
2 0.444 0.674 0.038 0.082
2 0.042 0.79 0.04 0.105
2 0.838 0.818 0.056 0.102
1 0.118 0.271 0.057 0.021
1 0.532 0.322 0.033 0.025
0 0.019 0.309 0.037 0.081
0 0.383 0.231 0.083 0.098
0 0.248 0.251 0.074 0.105
0 0.105 0.262 0.078 0.079
0 0.552 0.269 0.083 0.098
0 0.741 0.271 0.083 0.098
