     0/799     8.89G    0.1015   0.04577   0.05224    0.1995        50       640         0         0  0.003538 0.0006069   0.06777   0.02676   0.03655
     1/799     9.22G   0.08369    0.0485   0.04127    0.1735        58       640    0.1224    0.1887   0.04814    0.0154   0.05628   0.03372     0.028
     2/799     9.22G   0.07002   0.04252   0.02937    0.1419        38       640   0.05862    0.5136    0.1203   0.03737    0.0495   0.03233   0.01908
     3/799     9.22G   0.06517   0.03718   0.01987    0.1222        35       640    0.0675    0.6478     0.132   0.03885   0.04907   0.02759    0.0126
     4/799     9.22G   0.06181   0.03615   0.01349    0.1114        60       640   0.07358    0.7294    0.1595   0.05357   0.04535   0.02902  0.009313
     5/799     9.22G   0.05824   0.03165  0.009762   0.09965        42       640    0.1235    0.7082    0.2088   0.07983   0.04144   0.02601  0.008067
     6/799     9.22G   0.05485   0.03134  0.007996   0.09419        53       640    0.1527    0.6723    0.2437     0.112   0.03971   0.02524  0.007231
     7/799     9.22G   0.05219   0.03057  0.007233   0.08999        36       640    0.1811    0.6929    0.2763     0.115   0.03895   0.02661  0.006937
     8/799     9.22G   0.05336   0.02963  0.006191   0.08919        79       640     0.168    0.6556    0.2544     0.103   0.03974   0.02572  0.006452
     9/799     9.22G   0.05352   0.02928  0.006043   0.08885        48       640    0.1463    0.6871    0.2403   0.09684    0.0401   0.02888    0.0059
    10/799     9.22G   0.04911   0.02809  0.005529   0.08273        55       640    0.1934    0.6393    0.2526    0.1162   0.03781   0.02862  0.006552
    11/799     9.22G   0.04976   0.02901  0.004775   0.08354        87       640    0.1652    0.6517    0.2594    0.1094   0.03734   0.02942  0.006292
    12/799     9.22G   0.04814   0.02751  0.005212   0.08086        57       640    0.2122    0.6094    0.2533    0.1141   0.03821   0.03016  0.006523
    13/799     9.22G   0.04664    0.0272  0.004948   0.07879        41       640    0.1483    0.6654    0.2236   0.09558   0.04019   0.03165  0.006635
    14/799     9.22G   0.05032   0.02825  0.005107   0.08367        80       640    0.1854     0.593    0.2367    0.1059   0.03723   0.03007  0.006643
    15/799     9.22G   0.04878   0.02744  0.004733   0.08095        31       640       0.2    0.6263    0.2447    0.1055   0.03742   0.03002  0.007058
    16/799     9.22G    0.0465   0.02659  0.004898   0.07799        44       640    0.1986    0.5824     0.237    0.1006     0.039   0.03001  0.006938
    17/799     9.22G   0.04548   0.02702  0.004395    0.0769        50       640    0.1622    0.6028    0.2287   0.08638   0.03983   0.03305  0.006693
    18/799     9.22G   0.04172   0.02619  0.003987    0.0719        57       640    0.2155    0.5769    0.2388    0.1186   0.03718   0.03558  0.007405
    19/799     9.22G   0.04184    0.0265  0.003767   0.07211        67       640    0.1775    0.5797    0.2357    0.1009   0.03912   0.03452   0.00765
    20/799     9.22G   0.04313    0.0262  0.003668     0.073        46       640    0.2181    0.5557    0.2119    0.1019   0.03743   0.03643  0.008929
    21/799     9.22G   0.04138   0.02548  0.003898   0.07076        44       640    0.2135    0.5509    0.2134    0.1078   0.03844   0.03754  0.007792
    22/799     9.22G   0.04103   0.02605  0.003741   0.07081        54       640    0.2211    0.5881    0.2234    0.1089   0.03824   0.03769  0.007531
    23/799     9.22G   0.04025   0.02544  0.003685   0.06938        65       640    0.1983    0.5843    0.2386    0.1177   0.03744   0.03758  0.007584
    24/799     9.22G   0.03973   0.02576  0.003582   0.06907        38       640    0.2243    0.5342    0.2067    0.1041   0.03942   0.03956  0.008293
    25/799     9.22G    0.0392   0.02495  0.002991   0.06714        52       640    0.2106    0.4913    0.2229    0.1038   0.03948   0.04047  0.008164
    26/799     9.22G   0.03816   0.02357  0.003098   0.06483        57       640    0.2124    0.5036    0.2185    0.1118   0.03892   0.04068  0.008033
    27/799     9.22G   0.03817   0.02356  0.003333   0.06507        56       640     0.196     0.514    0.2113    0.1074   0.03894   0.04126  0.008577
    28/799     9.22G   0.03774   0.02424  0.003281   0.06525        51       640    0.2214    0.5132    0.2188    0.1051   0.03832   0.03929  0.008547
    29/799     9.22G   0.03794   0.02491  0.002634   0.06549        37       640    0.2194    0.5452    0.2297     0.114   0.03826   0.03817   0.00802
    30/799     9.22G   0.03632   0.02383  0.002828   0.06298        48       640     0.214    0.5238    0.2183    0.1066   0.03846   0.04085  0.008113
    31/799     9.22G   0.03606   0.02318  0.002824   0.06207        40       640    0.2164    0.5422    0.2337    0.1147   0.03787   0.04177  0.008776
    32/799     9.22G   0.03608   0.02351  0.002558   0.06215        62       640    0.2139    0.4994    0.2041   0.09233   0.03931   0.04148  0.008764
    33/799     9.22G   0.03618   0.02395  0.003031   0.06317        52       640    0.2094    0.5104     0.233    0.1181   0.03781   0.04181  0.009009
    34/799     9.22G   0.03573   0.02174  0.002588   0.06006        54       640    0.2096    0.4692    0.1882   0.09374   0.03985   0.04529  0.009933
    35/799     9.22G   0.03513   0.02265  0.002109   0.05989        34       640    0.2257    0.4893    0.2162    0.1117   0.03909   0.04627  0.009473
    36/799     9.22G   0.03599   0.02349  0.002272   0.06175        65       640     0.223    0.4828    0.1977   0.09855   0.04073   0.04572   0.01026
    37/799     9.22G   0.03514   0.02196   0.00239   0.05949        62       640    0.2256    0.4788     0.193   0.09606   0.03987   0.04626   0.01022
    38/799     9.22G     0.034   0.02217  0.002179   0.05835        44       640     0.224    0.4923    0.2159    0.1139    0.0407   0.04502   0.01053
    39/799     9.22G   0.03419   0.02165  0.002225   0.05807        40       640    0.2218    0.4818    0.2087    0.1114   0.04068   0.04622  0.009529
    40/799     9.22G   0.03406   0.02181  0.002235    0.0581        54       640    0.2136    0.4928    0.2061    0.1054   0.03994   0.04669  0.008599
    41/799     9.22G   0.03371   0.02169  0.002189   0.05759        62       640    0.2188    0.4818     0.211    0.1016   0.04088   0.04515  0.009408
    42/799     9.22G   0.03333   0.02139  0.002246   0.05697        64       640    0.2347    0.4721    0.2179    0.1176   0.03996   0.04557  0.009536
    43/799     9.22G   0.03311   0.02131  0.002279    0.0567        54       640    0.2352    0.4743    0.2043    0.1016   0.03966   0.04566  0.009252
    44/799     9.22G   0.03403    0.0215  0.001994   0.05753        47       640    0.2111    0.4907    0.2025    0.1009   0.03992   0.04729  0.009328
    45/799     9.22G   0.03265   0.02034  0.001979   0.05497        27       640    0.2234    0.4741    0.1983    0.1021   0.03943   0.04956   0.01069
    46/799     9.22G   0.03195   0.01987  0.002216   0.05404        43       640    0.2254    0.4528    0.1784   0.09064   0.03927   0.04995  0.009815
    47/799     9.22G   0.03155   0.02042  0.001779   0.05375        63       640    0.2312      0.47    0.1972   0.09775   0.04053    0.0478   0.01027
    48/799     9.22G   0.03113   0.02004  0.001739   0.05291        52       640    0.2176    0.4739    0.1992    0.1025   0.03993   0.04691   0.01061
    49/799     9.22G   0.03137   0.02146  0.001907   0.05474        64       640    0.2428    0.4889    0.2006    0.1032   0.03919   0.04923   0.01044
    50/799     9.22G   0.03139   0.02084  0.001838   0.05406        61       640    0.2358    0.4743    0.2066    0.1061    0.0405   0.05131   0.01082
    51/799     9.22G   0.03059   0.01976    0.0017   0.05206        64       640    0.2422    0.4734    0.2088    0.1073    0.0397   0.04987  0.009526
    52/799     9.22G   0.03138   0.01974  0.001863   0.05298        47       640    0.2406    0.4887    0.1996    0.1014   0.03937   0.05028  0.009727
    53/799     9.22G   0.02984   0.01987  0.001793    0.0515        52       640     0.235     0.486    0.2079    0.1102   0.03881   0.05245  0.009096
    54/799     9.22G   0.03116   0.02124  0.002058   0.05446        56       640     0.218    0.4582    0.1989   0.09249   0.03977   0.05081   0.01003
    55/799     9.22G   0.03196   0.02166  0.002229   0.05585        52       640    0.2257    0.5059    0.2188     0.113   0.03996   0.04779   0.01013
    56/799     9.22G   0.03132   0.01964  0.002001   0.05296        48       640    0.2237    0.4748    0.1967   0.09779   0.04015   0.04783  0.008695
    57/799     9.22G   0.03017   0.02061  0.001864   0.05265        53       640    0.2218    0.4512    0.2107    0.1078    0.0407   0.05183   0.01126
    58/799     9.22G    0.0291   0.02036   0.00149   0.05095        55       640    0.2231    0.4716    0.1947   0.09975   0.04022   0.05229   0.01055
    59/799     9.22G   0.03078   0.01984  0.001757   0.05237        51       640    0.2211    0.4489    0.1883   0.09546   0.04194   0.05007   0.01109
    60/799     9.22G   0.02897   0.01917  0.001742   0.04988        49       640    0.2132    0.4541    0.1959    0.1017   0.04148   0.05183   0.01162
    61/799     9.22G   0.02948   0.01948  0.001856   0.05082        52       640    0.2201    0.4581    0.1946     0.101   0.04149   0.05073   0.01219
    62/799     9.22G   0.03019   0.01966  0.001664   0.05151        53       640     0.225    0.4757    0.1998    0.1024   0.04082   0.05223   0.01157
    63/799     9.22G    0.0292   0.01979  0.001769   0.05076        32       640     0.227    0.4731    0.2029    0.1046   0.04106   0.05281   0.01214
    64/799     9.22G    0.0293   0.01994  0.001692   0.05093        51       640    0.2369     0.452    0.1929   0.09774   0.04099   0.05151   0.01196
    65/799     9.22G   0.02858   0.01987  0.001617   0.05007        54       640    0.2297    0.4598    0.2015    0.1074   0.04055   0.05287    0.0119
    66/799     9.22G   0.02758   0.01879  0.001523    0.0479        66       640    0.2226    0.4625     0.192   0.09764    0.0417     0.054   0.01324
    67/799     9.22G   0.02835   0.01944  0.001792   0.04958        92       640    0.2329    0.4445    0.1886   0.09662   0.04204   0.05314   0.01161
    68/799     9.22G   0.02837   0.01878  0.001712   0.04887        51       640    0.2093    0.4514    0.1899    0.1021   0.04141   0.05192   0.01237
    69/799     9.22G   0.02734   0.01904  0.001519   0.04791        42       640    0.2204    0.4037    0.1671   0.08491   0.04196   0.05443   0.01166
    70/799     9.22G   0.02763   0.01858  0.001445   0.04766        47       640    0.2209    0.4442    0.1866   0.09804   0.04097   0.05429   0.01118
    71/799     9.22G   0.02776    0.0185   0.00152   0.04778        47       640     0.224    0.4339    0.1825   0.09342   0.04266   0.05323   0.01198
    72/799     9.22G   0.02758   0.01889  0.001647   0.04812        63       640    0.2297    0.4517     0.201    0.1062    0.0417   0.05464    0.0111
    73/799     9.22G   0.02719   0.01893  0.001618   0.04774        39       640    0.2329    0.4475    0.1836    0.0984   0.04061   0.05399   0.01183
    74/799     9.22G   0.02832   0.01918  0.001648   0.04915        45       640    0.2173    0.4309     0.174   0.08792   0.04125   0.05333   0.01291
    75/799     9.22G   0.02748   0.01822  0.001634   0.04734        55       640    0.2092    0.4552    0.1815   0.09791   0.04112   0.05394    0.0112
    76/799     9.22G   0.02737   0.01823  0.001716   0.04732        40       640    0.2242    0.4439    0.1744    0.0885   0.04164    0.0533   0.01159
    77/799     9.22G   0.02853   0.01833  0.001663   0.04852        60       640    0.2032    0.4532    0.1883   0.09951   0.04145   0.05427   0.01201
    78/799     9.22G   0.02758    0.0183  0.001598   0.04748        54       640    0.2196    0.4583    0.1923   0.09985   0.04157   0.05279   0.01082
    79/799     9.22G   0.02682   0.01836  0.001505   0.04669        53       640    0.2222    0.4459    0.1925    0.1028   0.04075   0.05551   0.01199
    80/799     9.22G   0.02719    0.0191  0.001499   0.04779        67       640    0.2183      0.42    0.1625   0.08333   0.04156   0.05633   0.01285
    81/799     9.22G    0.0255   0.01753  0.001541   0.04457        31       640     0.209     0.421    0.1726   0.09224   0.04268   0.05412   0.01208
    82/799     9.22G   0.02686   0.01848  0.001464    0.0468        62       640    0.2192    0.4224    0.1558   0.08382   0.04258    0.0559   0.01274
    83/799     9.22G   0.02633    0.0177  0.001645   0.04568        51       640    0.2203    0.4341    0.1585   0.07729   0.04251   0.05599   0.01377
    84/799     9.22G   0.02666   0.01805  0.001447   0.04616        41       640    0.2264    0.4449    0.1863   0.09701   0.04245   0.05338   0.01198
    85/799     9.22G    0.0257   0.01715  0.001403   0.04426        59       640    0.2219    0.4335    0.1687   0.08964   0.04242   0.05625   0.01126
    86/799     9.22G   0.02589   0.01731   0.00143   0.04464        36       640     0.215     0.447    0.1907    0.1002   0.04233   0.05666   0.01261
    87/799     9.22G    0.0264   0.01749  0.001457   0.04534        55       640    0.2109    0.4355    0.1746   0.09169   0.04261   0.05552   0.01176
    88/799     9.22G   0.02649   0.01798   0.00127   0.04574        67       640     0.218    0.4184    0.1757   0.09873   0.04166   0.05699   0.01158
    89/799     9.22G   0.02567   0.01755  0.001542   0.04476        45       640    0.2221    0.4348    0.1814   0.09864   0.04251   0.05521   0.01314
    90/799     9.22G   0.02519   0.01765   0.00119   0.04402        53       640    0.2292    0.4398    0.1726   0.09039   0.04229   0.05626   0.01278
    91/799     9.22G   0.02546     0.017  0.001277   0.04374        63       640    0.2227    0.4229    0.1816   0.09384   0.04173   0.05738   0.01376
    92/799     9.22G   0.02481   0.01746  0.001441   0.04371        68       640      0.23    0.4359    0.1865   0.09976   0.04187   0.05705   0.01294
    93/799     9.22G   0.02578   0.01762  0.001256   0.04465        56       640    0.2296    0.4264    0.1709   0.09326   0.04215   0.05713   0.01209
    94/799     9.22G   0.02443   0.01691  0.001302   0.04264        59       640    0.2297    0.4293    0.1879    0.0975   0.04208   0.05895   0.01346
    95/799     9.22G   0.02469   0.01748  0.001312   0.04348        69       640    0.2303    0.4189    0.1881   0.09968   0.04202   0.05664   0.01231
    96/799     9.22G   0.02551   0.01773  0.001299   0.04454        70       640    0.2256    0.4502    0.1974    0.1059   0.04251   0.05763   0.01284
    97/799     9.22G   0.02481   0.01692  0.001281   0.04301        42       640    0.2164    0.4186     0.186   0.09719   0.04273   0.05699    0.0143
    98/799     9.22G   0.02515   0.01786  0.001251   0.04425        57       640    0.2241    0.4252    0.1728   0.09135   0.04207   0.05718    0.0128
    99/799     9.22G   0.02506   0.01736  0.001337   0.04376        66       640    0.2252    0.4173    0.1768   0.09193   0.04299   0.05707   0.01335
   100/799     9.22G   0.02456    0.0174  0.001311   0.04327        71       640    0.2199    0.4329    0.1745    0.0923   0.04142   0.05853   0.01169
   101/799     9.22G   0.02536    0.0176  0.001315   0.04427        56       640    0.2073    0.4134    0.1807    0.1002   0.04252   0.05716   0.01296
   102/799     9.22G   0.02426   0.01712  0.001337   0.04271        40       640    0.2356    0.4325     0.178   0.09702   0.04227   0.06027   0.01186
   103/799     9.22G   0.02467   0.01684  0.001307   0.04282        54       640    0.2373    0.4297    0.1723    0.0911   0.04227   0.05917   0.01183
   104/799     9.22G   0.02376    0.0163  0.001311   0.04137        63       640    0.2393    0.4375    0.1818   0.09789   0.04151   0.05831   0.01157
   105/799     9.22G   0.02372   0.01663  0.001305   0.04166        48       640    0.2306    0.4399    0.1816   0.09639   0.04151   0.05944    0.0124
   106/799     9.22G   0.02489   0.01645  0.001221   0.04256        69       640    0.2322    0.4196    0.1629   0.08728   0.04167   0.05756   0.01266
   107/799     9.22G    0.0243   0.01662  0.001212   0.04213        72       640    0.2296     0.425    0.1751   0.09674   0.04325   0.05745   0.01476
   108/799     9.22G   0.02429   0.01671  0.001224   0.04223        31       640    0.2248    0.4159    0.1783   0.09842   0.04205   0.05962   0.01375
   109/799     9.22G   0.02374   0.01681  0.001334   0.04189        48       640    0.2265    0.4173    0.1877   0.09935   0.04134   0.06052   0.01234
   110/799     9.22G   0.02485    0.0166  0.001333   0.04278        51       640     0.233    0.4125    0.1582   0.08321   0.04149   0.05892    0.0137
   111/799     9.22G   0.02376   0.01683  0.001382   0.04197        54       640    0.2268    0.4383    0.1881     0.105   0.04164   0.05866   0.01288
   112/799     9.22G   0.02388   0.01638  0.001291   0.04155        71       640    0.2243    0.4525    0.1946    0.1062    0.0409   0.05926   0.01351
   113/799     9.22G   0.02441   0.01679   0.00136   0.04256        80       640    0.2322    0.4363    0.1823   0.09597   0.04238   0.05961   0.01427
   114/799     9.22G   0.02318   0.01615  0.001178   0.04051        51       640    0.2262    0.4415    0.1896    0.1031   0.04171   0.05838   0.01307
   115/799     9.22G   0.02406   0.01687   0.00109   0.04202        67       640    0.2249    0.4228    0.1719   0.09209   0.04176   0.05868   0.01328
   116/799     9.22G   0.02359    0.0159   0.00124   0.04073        50       640    0.2306    0.4186    0.1812    0.0976   0.04244   0.05998   0.01279
   117/799     9.22G   0.02403   0.01653  0.001375   0.04193        55       640     0.235    0.4335    0.1754     0.093   0.04268    0.0581   0.01267
   118/799     9.22G   0.02356   0.01574  0.001211   0.04051        39       640    0.2257    0.4187    0.1731   0.09194   0.04225   0.05988   0.01264
   119/799     9.22G    0.0228   0.01626  0.001138    0.0402        81       640    0.2292    0.4391    0.2068    0.1137   0.04175   0.06047   0.01147
   120/799     9.22G   0.02345   0.01676  0.001205   0.04141        51       640    0.2398    0.4369    0.1886    0.0998    0.0408   0.06096   0.01292
   121/799     9.22G   0.02384   0.01563  0.001199   0.04067        59       640     0.228    0.4318    0.1771   0.09304   0.04186   0.05982   0.01377
   122/799     9.22G   0.02363   0.01639  0.001316   0.04133        38       640    0.2294    0.4211    0.1646    0.0831   0.04292   0.06064   0.01375
   123/799     9.22G   0.02287   0.01647  0.001241   0.04058        32       640     0.225    0.4205    0.1705   0.08926   0.04235   0.06188   0.01339
   124/799     9.22G   0.02355   0.01566  0.001136   0.04034        39       640    0.2354    0.4356    0.1556   0.07804   0.04239   0.06092    0.0138
   125/799     9.22G   0.02311   0.01604  0.001105   0.04026        56       640    0.2339    0.4335    0.1667   0.08658   0.04231   0.06065   0.01234
   126/799     9.22G   0.02313   0.01634  0.001029    0.0405        43       640    0.2289    0.4147    0.1703   0.08843   0.04288   0.05968   0.01243
   127/799     9.22G   0.02302   0.01562  0.001048   0.03969        53       640     0.233    0.4156    0.1822   0.09978   0.04262   0.06046   0.01269
   128/799     9.22G   0.02314   0.01623  0.001203   0.04058        38       640    0.2321    0.4177     0.173   0.08939    0.0425   0.06233   0.01305
   129/799     9.22G   0.02206   0.01627   0.00123   0.03956        44       640    0.2174    0.4095    0.1771   0.09591    0.0429   0.06361   0.01297
   130/799     9.22G   0.02188   0.01534  0.001252   0.03848        41       640    0.2196    0.3891    0.1606   0.08736   0.04332   0.06316   0.01239
   131/799     9.22G    0.0231   0.01572  0.001133   0.03996        49       640    0.2291    0.4086    0.1786   0.09714   0.04255   0.06222   0.01347
   132/799     9.22G   0.02297   0.01503  0.001208    0.0392        85       640    0.2203    0.4074    0.1778   0.09609   0.04211   0.06171   0.01182
   133/799     9.22G   0.02248   0.01679  0.001069   0.04035        59       640    0.2288    0.4332    0.1821     0.102     0.041   0.06058   0.01117
   134/799     9.22G   0.02251   0.01643  0.001257   0.04019        56       640     0.222    0.4231    0.1824   0.09779   0.04162   0.06148   0.01145
   135/799     9.22G   0.02271   0.01563   0.00121   0.03955        79       640    0.2196    0.3992    0.1709   0.09245   0.04297   0.06222   0.01267
   136/799     9.22G   0.02244   0.01635   0.00122   0.04001        67       640     0.212    0.4163     0.176   0.09392   0.04202   0.06024   0.01322
   137/799     9.22G   0.02279   0.01602   0.00112   0.03993        61       640    0.2217    0.4062    0.1638   0.08326   0.04243   0.06104   0.01298
   138/799     9.22G   0.02285   0.01548  0.001121   0.03945        40       640    0.2309    0.4196    0.1734   0.09258   0.04253   0.05992   0.01341
   139/799     9.22G   0.02229   0.01618  0.001058   0.03953        72       640    0.2143    0.4101    0.1828    0.1006   0.04216   0.06187   0.01266
   140/799     9.22G   0.02155   0.01572  0.001074   0.03835        49       640    0.2107    0.3906    0.1728   0.09286    0.0426   0.06427   0.01303
   141/799     9.22G   0.02307   0.01593  0.001118   0.04012        43       640    0.2072    0.4063    0.1867    0.1014   0.04301   0.06154   0.01372
   142/799     9.22G   0.02172    0.0156  0.001247   0.03857        55       640    0.2149    0.3864     0.171   0.09326   0.04285   0.06356   0.01328
   143/799     9.22G   0.02188   0.01519  0.001072   0.03814        60       640    0.2161    0.3947    0.1854    0.1008   0.04185    0.0631   0.01289
   144/799     9.22G   0.02235   0.01583  0.001069   0.03925        50       640    0.2326    0.4159    0.1795   0.09848   0.04131   0.06179   0.01265
   145/799     9.22G   0.02169   0.01599  0.001143   0.03883        64       640    0.2255    0.4102    0.1724   0.08869   0.04229    0.0628   0.01207
   146/799     9.22G   0.02265    0.0158  0.001318   0.03977        72       640    0.2294    0.4039    0.1656   0.08584   0.04183   0.06261   0.01261
   147/799     9.22G    0.0216   0.01541  0.001181   0.03819        54       640    0.2365    0.4183    0.1766   0.09376   0.04251   0.06321   0.01338
   148/799     9.22G   0.02132   0.01501  0.001112   0.03743        62       640    0.2303    0.4144    0.1674   0.08931   0.04233   0.06333   0.01268
   149/799     9.22G   0.02175   0.01503  0.001104   0.03788        48       640    0.2253    0.3861    0.1566   0.08193   0.04261   0.06081   0.01182
   150/799     9.22G   0.02196   0.01537  0.001119   0.03845        59       640    0.2269    0.3894    0.1619   0.08345   0.04299   0.06272    0.0124
   151/799     9.22G   0.02129   0.01563   0.00102   0.03795        69       640    0.2278    0.3906    0.1704   0.09162   0.04299   0.06274   0.01359
   152/799     9.22G   0.02148   0.01468   0.00105    0.0372        59       640    0.2242    0.3899     0.168   0.09129   0.04277   0.06364   0.01343
   153/799     9.22G   0.02231   0.01585  0.001034   0.03919        55       640    0.2314    0.4123    0.1791   0.09626    0.0423   0.06146   0.01375
   154/799     9.22G   0.02129   0.01538  0.001021   0.03769        57       640    0.2229       0.4    0.1651   0.08544   0.04313   0.06348   0.01486
   155/799     9.22G   0.02052   0.01536  0.001031   0.03692        75       640     0.228    0.4004    0.1663   0.08574   0.04235   0.06383    0.0137
   156/799     9.22G   0.02162   0.01544  0.001014   0.03807        30       640    0.2271    0.4145    0.1656   0.08824   0.04218   0.06222   0.01276
   157/799     9.22G   0.02247   0.01523  0.001136   0.03883        68       640    0.2249    0.4093    0.1686   0.08988   0.04196   0.06266   0.01247
   158/799     9.22G   0.02078   0.01513  0.001108   0.03702        72       640    0.2281    0.4162    0.1731   0.09232   0.04261    0.0643   0.01275
   159/799     9.22G     0.021   0.01485   0.00136   0.03721        51       640    0.2288    0.4116    0.1646    0.0842   0.04326     0.063   0.01283
   160/799     9.22G   0.02091   0.01578  0.001105   0.03779        63       640    0.2301    0.4042     0.166   0.08735   0.04311   0.06433   0.01341
   161/799     9.22G   0.02183   0.01476  0.001043   0.03763        79       640    0.2285      0.41    0.1706    0.0914   0.04251   0.06297   0.01351
   162/799     9.22G   0.02024   0.01495 0.0009843   0.03617        55       640    0.2268    0.4096    0.1549   0.07879   0.04186    0.0648    0.0128
   163/799     9.22G   0.02118   0.01541  0.001171   0.03776        61       640    0.2253     0.393    0.1703   0.08958   0.04193   0.06412   0.01278
   164/799     9.22G   0.02094   0.01542  0.001023   0.03739        40       640    0.2277    0.3862    0.1675   0.08612   0.04312   0.06434   0.01338
   165/799     9.22G   0.02056   0.01516  0.001034   0.03676        56       640    0.2219    0.3846    0.1656   0.08708   0.04235   0.06455   0.01352
   166/799     9.22G   0.02084   0.01496  0.001056   0.03686        64       640    0.2152    0.3723    0.1545   0.08268   0.04257   0.06623   0.01324
   167/799     9.22G   0.02113   0.01533  0.001028   0.03749        52       640    0.2233    0.4045    0.1644   0.08778   0.04189   0.06391   0.01191
   168/799     9.22G   0.02048   0.01448 0.0009763   0.03593        43       640    0.2173    0.3819    0.1479   0.07642   0.04265   0.06554   0.01343
   169/799     9.22G   0.02052   0.01524  0.001233     0.037        59       640     0.223     0.407    0.1594   0.08591   0.04221   0.06489   0.01144
   170/799     9.22G   0.02094   0.01476  0.001242   0.03694        46       640    0.2257    0.3823    0.1547   0.08385   0.04294   0.06626   0.01312
   171/799     9.22G   0.02078   0.01497  0.001066   0.03682        74       640    0.2324    0.4087    0.1656   0.08736    0.0428   0.06356   0.01381
   172/799     9.22G   0.02014   0.01481  0.001128   0.03608        32       640    0.2265    0.4289    0.1829   0.09616   0.04159   0.06552   0.01277
   173/799     9.22G   0.02074    0.0148   0.00103   0.03657        73       640    0.2204     0.426    0.1776   0.09535   0.04267   0.06364   0.01322
   174/799     9.22G   0.02088   0.01522 0.0009953    0.0371        85       640    0.2212    0.4059    0.1744   0.09282   0.04283   0.06341   0.01193
   175/799     9.22G   0.02027   0.01476  0.001087   0.03612        63       640    0.2181    0.3929    0.1665   0.08542   0.04254   0.06539   0.01271
   176/799     9.22G    0.0199   0.01461   0.00105   0.03556        50       640     0.217    0.4051    0.1639   0.08237   0.04269   0.06453   0.01212
   177/799     9.22G   0.01959   0.01479 0.0009501   0.03533        58       640    0.2237    0.4014    0.1633   0.08538   0.04352    0.0639   0.01151
   178/799     9.22G   0.02064   0.01436 0.0009894     0.036        43       640    0.2285    0.4155    0.1761   0.09369   0.04244   0.06381   0.01122
   179/799     9.22G   0.02128   0.01454  0.001063   0.03688        39       640    0.2345    0.4104    0.1677   0.09054   0.04201   0.06367   0.01206
   180/799     9.22G   0.02047   0.01443  0.001357   0.03626        62       640    0.2285    0.4131      0.18   0.09424   0.04189   0.06345   0.01127
   181/799     9.22G   0.01991   0.01466  0.001022   0.03559        64       640    0.2298    0.4223    0.1749    0.0906   0.04192   0.06433   0.01151
   182/799     9.22G    0.0198   0.01438  0.001004   0.03518        55       640    0.2277    0.4123    0.1674   0.08768    0.0429   0.06347   0.01239
   183/799     9.22G   0.02057   0.01466  0.001119   0.03635        46       640    0.2279    0.4162    0.1728   0.09178   0.04189   0.06242   0.01266
   184/799     9.22G   0.02046   0.01459 0.0009822   0.03604        78       640     0.225    0.4062    0.1551   0.08152   0.04276   0.06497   0.01245
   185/799     9.22G   0.01985    0.0147  0.001036   0.03559        94       640    0.2191    0.3989    0.1601   0.08381   0.04268   0.06706   0.01223
   186/799     9.22G    0.0198   0.01464  0.001078   0.03552        55       640    0.2153    0.3969    0.1666   0.08839   0.04262   0.06592   0.01274
   187/799     9.22G   0.02022   0.01434  0.001068   0.03562        47       640    0.2339    0.4316    0.1738    0.0923   0.04175   0.06421   0.01138
   188/799     9.22G    0.0201   0.01411 0.0009993   0.03521        44       640     0.228    0.3971    0.1677   0.08875    0.0427   0.06481   0.01122
   189/799     9.22G   0.02018   0.01407  0.001023   0.03527        38       640    0.2419    0.4196    0.1774   0.09041   0.04252   0.06397   0.01126
   190/799     9.22G   0.01991   0.01383 0.0008937   0.03464        43       640    0.2304    0.4033    0.1703   0.09003   0.04336   0.06469   0.01212
   191/799     9.22G   0.01989   0.01426 0.0009804   0.03513        54       640    0.2296    0.3921    0.1539   0.08144   0.04368    0.0653   0.01306
   192/799     9.22G   0.01995   0.01447 0.0009246   0.03534        81       640    0.2225    0.3887    0.1619   0.08515   0.04261   0.06599   0.01273
   193/799     9.22G   0.01915   0.01322  0.001027    0.0334        46       640    0.2308    0.3863    0.1502   0.07982   0.04315   0.06687   0.01362
   194/799     9.22G   0.01882   0.01396  0.001055   0.03384        51       640    0.2377    0.4132    0.1622   0.08291    0.0405   0.06573   0.01143
   195/799     9.22G   0.01936   0.01442 0.0009769   0.03475        37       640    0.2388    0.4076    0.1692   0.08867   0.04178   0.06566   0.01199
   196/799     9.22G   0.01927   0.01425  0.001026   0.03454        37       640    0.2411    0.4032    0.1627   0.08295    0.0433   0.06587   0.01275
   197/799     9.22G   0.01936   0.01471  0.001007   0.03508        53       640    0.2351    0.4073    0.1693   0.08824   0.04269    0.0649   0.01191
   198/799     9.22G   0.01933   0.01416  0.001082   0.03457        39       640    0.2271    0.3947    0.1566   0.08257   0.04137   0.06684   0.01136
   199/799     9.22G   0.01966   0.01399 0.0009984   0.03464        62       640    0.2352    0.3869    0.1569    0.0813   0.04224   0.06704   0.01199
   200/799     9.22G   0.01994   0.01421 0.0009258   0.03508        51       640    0.2286    0.3798     0.154   0.08097   0.04238   0.06599   0.01209
   201/799     9.22G   0.01923   0.01468 0.0009221   0.03483        51       640    0.2264    0.3645    0.1429   0.07355   0.04326   0.06758   0.01215
   202/799     9.22G    0.0195   0.01433 0.0009373   0.03477        44       640    0.2338    0.4055    0.1687   0.09035   0.04185   0.06566   0.01249
   203/799     9.22G   0.01896   0.01406  0.000972   0.03399        76       640    0.2324    0.3998      0.17   0.09161   0.04253   0.06699   0.01396
   204/799     9.22G   0.01928   0.01317 0.0009487    0.0334        48       640    0.2312    0.3846    0.1651   0.09035   0.04331   0.06642   0.01482
   205/799     9.22G   0.02015     0.014  0.001068   0.03521        78       640    0.2398    0.4007    0.1696   0.09492    0.0429   0.06528   0.01498
   206/799     9.22G   0.01914   0.01451 0.0008545    0.0345        69       640    0.2334    0.3951    0.1683   0.09436   0.04257   0.06572   0.01372
   207/799     9.22G   0.01887   0.01437 0.0009479   0.03418        62       640     0.231    0.4019    0.1661   0.09035   0.04194   0.06825   0.01334
   208/799     9.22G   0.01897   0.01476 0.0009187   0.03465        73       640    0.2227    0.3853    0.1537   0.08335   0.04169   0.06777   0.01312
   209/799     9.22G   0.01937   0.01435 0.0009945   0.03472        49       640    0.2124    0.3736    0.1514   0.07914   0.04233   0.06762   0.01256
   210/799     9.22G   0.01835   0.01383 0.0008092     0.033        52       640    0.2152    0.3787    0.1633   0.08795   0.04204   0.06843   0.01266
   211/799     9.22G   0.01988   0.01346 0.0008785   0.03422        47       640    0.2245    0.4013    0.1736   0.09257   0.04137    0.0662   0.01186
   212/799     9.22G   0.01883   0.01367 0.0009088   0.03341        46       640    0.2242    0.3969    0.1644   0.08709   0.04137   0.06657   0.01114
   213/799     9.22G    0.0192   0.01398 0.0009647   0.03414        46       640    0.2266    0.3882    0.1556   0.08433   0.04234   0.06662   0.01157
   214/799     9.22G    0.0199    0.0141 0.0009455   0.03495        62       640    0.2245    0.3856    0.1767   0.09657   0.04298   0.06573   0.01257
   215/799     9.22G   0.01856    0.0138 0.0009629   0.03332        47       640    0.2291    0.3887     0.171   0.09087    0.0437   0.06647   0.01338
   216/799     9.22G   0.01855   0.01355 0.0009644   0.03307        45       640    0.2217    0.3723    0.1539   0.08442   0.04389   0.06852   0.01394
   217/799     9.22G   0.01896   0.01358 0.0008344   0.03337        47       640    0.2253    0.3706    0.1547    0.0837   0.04322   0.06855   0.01442
   218/799     9.22G   0.01918   0.01347  0.000872   0.03352        60       640    0.2208    0.3884    0.1597   0.09008   0.04258   0.06771   0.01298
   219/799     9.22G    0.0182   0.01376  0.000831   0.03279        41       640    0.2235    0.4093    0.1659   0.09099   0.04301   0.06676    0.0143
   220/799     9.22G   0.01877   0.01387 0.0008855   0.03353        63       640     0.228    0.4098    0.1562   0.08452   0.04267   0.06626   0.01457
   221/799     9.22G   0.01854   0.01352 0.0008352   0.03289        62       640     0.235    0.4157    0.1712   0.09143   0.04206     0.067   0.01342
   222/799     9.22G   0.01812   0.01394 0.0008539   0.03292        57       640    0.2331    0.4064    0.1599   0.08621   0.04253   0.06734   0.01418
   223/799     9.22G   0.01831   0.01372 0.0008662   0.03289        49       640    0.2252    0.4019    0.1613   0.08522   0.04247   0.06789   0.01361
   224/799     9.22G   0.01814    0.0132 0.0007499   0.03208        46       640    0.2189    0.3858    0.1544   0.08382   0.04246   0.06871   0.01397
   225/799     9.22G   0.01905   0.01421 0.0009316   0.03419        61       640    0.2161    0.3713    0.1503   0.08045   0.04418   0.06743   0.01516
   226/799     9.22G   0.01928    0.0146 0.0009867   0.03487        78       640    0.2197    0.3805    0.1555   0.08252   0.04363    0.0669   0.01429
   227/799     9.22G   0.01885   0.01323 0.0008466   0.03292        71       640    0.2307    0.3935    0.1579   0.08441   0.04348   0.06772   0.01517
   228/799     9.22G   0.01861   0.01313 0.0008673   0.03261        42       640    0.2264    0.4022    0.1573   0.08471   0.04253   0.06829   0.01506
   229/799     9.22G   0.01771   0.01259 0.0009046   0.03121        39       640    0.2166    0.3916    0.1591   0.08521   0.04291   0.06987   0.01525
   230/799     9.22G   0.01857   0.01359   0.00089   0.03305        45       640     0.222    0.3799     0.155   0.08349    0.0427   0.06879   0.01511
   231/799     9.22G   0.01881   0.01385 0.0008223   0.03349        86       640    0.2209    0.3867    0.1504   0.08072   0.04302    0.0684   0.01438
   232/799     9.22G    0.0186   0.01371 0.0008572   0.03317        49       640    0.2273    0.3637    0.1474   0.07832   0.04378   0.06848   0.01474
   233/799     9.22G   0.01788   0.01319 0.0008859   0.03195        62       640    0.2179    0.3615    0.1482    0.0829   0.04378   0.07027   0.01442
   234/799     9.22G   0.01841   0.01346 0.0008833   0.03275        53       640    0.2229    0.3653    0.1356   0.06968   0.04369   0.06972   0.01432
   235/799     9.22G   0.01861    0.0135 0.0009271   0.03304        37       640    0.2301     0.401    0.1596   0.08388   0.04334   0.06762   0.01398
   236/799     9.22G   0.01843   0.01318 0.0008504   0.03245        58       640    0.2261    0.3837    0.1543   0.07981   0.04389   0.06857    0.0144
   237/799     9.22G   0.01801   0.01287 0.0008554   0.03173        48       640    0.2282    0.3842    0.1455   0.07713   0.04489   0.06783     0.015
   238/799     9.22G   0.01839   0.01352  0.000768   0.03268        69       640    0.2245    0.3853    0.1562   0.08259   0.04405   0.06759   0.01374
   239/799     9.22G   0.01824   0.01307 0.0008377   0.03215        37       640    0.2343    0.4019     0.173   0.09093   0.04234   0.06826   0.01252
   240/799     9.22G   0.01814   0.01309   0.00082   0.03204        64       640    0.2272    0.3905    0.1633   0.08733   0.04279    0.0695   0.01344
   241/799     9.22G   0.01835   0.01354 0.0007976   0.03269        66       640    0.2259    0.3772    0.1501   0.07694   0.04423   0.06804   0.01528
   242/799     9.22G   0.01873   0.01374   0.00091   0.03338        62       640    0.2296     0.377    0.1562   0.08244   0.04395   0.06771   0.01639
   243/799     9.22G   0.01851   0.01363 0.0009924   0.03313        72       640    0.2208    0.3791    0.1526    0.0816   0.04346   0.06872   0.01564
   244/799     9.22G   0.01779   0.01361 0.0009871    0.0324        78       640    0.2271    0.4017    0.1654   0.08841   0.04324   0.06898   0.01519
   245/799     9.22G   0.01802   0.01355 0.0008516   0.03242        47       640    0.2151    0.3747    0.1614   0.08736    0.0436   0.06872   0.01547
   246/799     9.22G   0.01747   0.01277 0.0007985   0.03103        60       640    0.2307    0.3956    0.1606   0.08281     0.044   0.06846   0.01662
   247/799     9.22G   0.01732   0.01365 0.0009883   0.03196        49       640    0.2477    0.4229    0.1652   0.08442   0.04343   0.06776   0.01543
   248/799     9.22G   0.01693   0.01286 0.0008556   0.03065        41       640    0.2421    0.4123    0.1634   0.08476   0.04345   0.06925   0.01527
   249/799     9.22G   0.01862   0.01344 0.0008769   0.03293        38       640    0.2368     0.417    0.1664   0.08562   0.04318   0.06725   0.01501
   250/799     9.22G   0.01777   0.01282  0.000888   0.03148        41       640    0.2403    0.4051    0.1697   0.08811   0.04326   0.06841   0.01513
   251/799     9.22G   0.01747   0.01281 0.0008118   0.03109        45       640    0.2282    0.3874    0.1765    0.0937   0.04391   0.06863   0.01495
   252/799     9.22G    0.0173   0.01326 0.0008776   0.03143        52       640    0.2244    0.3855    0.1588   0.08277   0.04429   0.06886   0.01529
   253/799     9.22G   0.01765   0.01336  0.000795   0.03181        59       640    0.2234    0.3738    0.1514   0.07395   0.04456   0.06851   0.01559
   254/799     9.22G   0.01763   0.01296 0.0007308   0.03132        38       640    0.2245    0.3745    0.1569   0.07888    0.0452   0.06851   0.01552
   255/799     9.22G   0.01812   0.01337 0.0008317   0.03232        49       640    0.2261     0.377     0.163   0.08307   0.04439   0.06791   0.01517
   256/799     9.22G   0.01788   0.01294 0.0008471   0.03167        37       640    0.2337    0.3896    0.1691   0.08973   0.04388   0.06813   0.01524
   257/799     9.22G   0.01767   0.01322 0.0008036    0.0317        48       640    0.2298    0.3892    0.1653   0.09077   0.04403   0.06841   0.01497
   258/799     9.22G    0.0169   0.01282 0.0007989   0.03051        56       640    0.2277    0.3858    0.1601   0.08591    0.0441   0.06966   0.01669
   259/799     9.22G   0.01707   0.01299 0.0008498   0.03091        37       640    0.2332    0.4127    0.1684   0.08738   0.04393   0.06911   0.01635
   260/799     9.22G   0.01729   0.01305 0.0008355   0.03117        79       640    0.2165    0.3906    0.1613   0.08354    0.0439   0.06971   0.01469
   261/799     9.22G   0.01687   0.01305 0.0008043   0.03072        52       640    0.2243    0.3945    0.1623   0.08234   0.04415   0.06888   0.01408
   262/799     9.22G   0.01786   0.01273  0.000809   0.03139        63       640     0.234    0.3861    0.1568   0.07931   0.04465   0.06819   0.01439
   263/799     9.22G   0.01773   0.01295 0.0007835   0.03146        44       640    0.2341    0.3829    0.1493   0.07548   0.04479   0.06754   0.01407
   264/799     9.22G   0.01766   0.01264 0.0007833   0.03109        81       640    0.2318    0.4013    0.1647   0.08464   0.04467   0.06852   0.01388
   265/799     9.22G   0.01739   0.01325 0.0009392   0.03157        37       640    0.2249    0.3897    0.1642   0.08781   0.04434   0.06847   0.01362
   266/799     9.22G   0.01711   0.01276 0.0006883   0.03056        40       640    0.2322    0.3988    0.1642   0.08811   0.04414   0.06901   0.01356
   267/799     9.22G   0.01721   0.01301 0.0007718   0.03099        54       640    0.2314    0.4043     0.158   0.08194   0.04221   0.07052   0.01327
   268/799     9.22G   0.01767   0.01263 0.0007236   0.03102        73       640    0.2382    0.4201    0.1652   0.08302   0.04166   0.06958   0.01307
   269/799     9.22G    0.0172   0.01275 0.0008214   0.03077        41       640    0.2394    0.4135    0.1714   0.08732   0.04218   0.07032   0.01351
   270/799     9.22G   0.01706   0.01297 0.0007867   0.03082        66       640     0.232    0.3999    0.1679    0.0852   0.04269   0.07024   0.01405
   271/799     9.22G   0.01705   0.01242 0.0008574   0.03034        48       640     0.233    0.3947    0.1657   0.08507   0.04318   0.07071   0.01449
   272/799     9.22G    0.0178   0.01306 0.0007549   0.03162        52       640    0.2367    0.3861    0.1692   0.08686   0.04333    0.0693   0.01479
   273/799     9.22G   0.01684   0.01296 0.0007862   0.03058        57       640    0.2424     0.401     0.171   0.08936   0.04286   0.07047   0.01435
   274/799     9.22G   0.01754   0.01344 0.0008964   0.03188        59       640    0.2301     0.394    0.1684   0.08767   0.04268   0.07013   0.01407
   275/799     9.22G   0.01704     0.013 0.0008028   0.03084        42       640     0.228    0.3929    0.1671   0.08456   0.04267   0.06972   0.01388
   276/799     9.22G   0.01716   0.01256 0.0007641   0.03048        49       640    0.2332    0.3997    0.1707   0.08726   0.04208   0.06957   0.01344
   277/799     9.22G    0.0172   0.01303 0.0008984   0.03112        57       640    0.2318    0.3982    0.1643   0.08859   0.04192   0.06991   0.01321
   278/799     9.22G   0.01689   0.01244 0.0007173   0.03005        48       640    0.2278    0.4003     0.171   0.09016    0.0417   0.07005   0.01337
   279/799     9.22G   0.01728   0.01258 0.0008821   0.03074        43       640    0.2324    0.4032     0.167   0.08578   0.04197   0.06991   0.01342
   280/799     9.22G   0.01749   0.01213 0.0008446   0.03046        32       640    0.2284    0.3914    0.1563   0.08191   0.04292   0.06884   0.01447
   281/799     9.22G   0.01657   0.01225 0.0007325   0.02955        52       640    0.2278    0.3949    0.1658    0.0855   0.04331   0.07068   0.01545
   282/799     9.22G    0.0175    0.0126 0.0007589   0.03086        41       640    0.2208    0.3863    0.1586   0.08415   0.04394   0.06931   0.01612
   283/799     9.22G   0.01755   0.01296 0.0008035   0.03131        58       640    0.2255    0.3832    0.1624   0.08868   0.04384   0.06878   0.01598
   284/799     9.22G   0.01702   0.01299 0.0007702   0.03079        58       640    0.2221    0.3981    0.1691   0.08952   0.04334   0.06898   0.01541
   285/799     9.22G    0.0163    0.0122 0.0007451   0.02924        75       640    0.2273    0.4009    0.1707   0.09122   0.04332   0.06983   0.01521
   286/799     9.22G   0.01784   0.01279  0.000838   0.03146        68       640     0.226    0.3817    0.1605   0.08522   0.04391   0.06824   0.01504
   287/799     9.22G   0.01654   0.01275 0.0008114    0.0301        43       640    0.2274    0.3842    0.1648   0.08634   0.04393   0.06923   0.01549
   288/799     9.22G   0.01703   0.01226  0.000748   0.03003        49       640    0.2282    0.3917    0.1667   0.08823   0.04397   0.06871     0.015
   289/799     9.22G   0.01648   0.01309 0.0006963   0.03027        38       640    0.2317    0.3984    0.1632   0.08748   0.04356   0.06896   0.01441
   290/799     9.22G   0.01668   0.01208 0.0007601   0.02952        62       640    0.2333    0.3961    0.1734   0.09649   0.04295   0.07108   0.01405
   291/799     9.22G   0.01668   0.01255 0.0007384   0.02996        64       640    0.2341    0.3901    0.1672   0.08806   0.04324   0.07054   0.01465
   292/799     9.22G   0.01639   0.01255 0.0008357   0.02978        36       640    0.2325    0.3906    0.1666   0.08623   0.04378   0.07067   0.01529
   293/799     9.22G   0.01654   0.01262 0.0007422    0.0299        47       640    0.2367     0.399    0.1704   0.09125   0.04315   0.06947   0.01493
   294/799     9.22G   0.01632   0.01289 0.0009008   0.03012       115       640    0.2375    0.3976    0.1707   0.08729   0.04337   0.07009   0.01509
   295/799     9.22G   0.01612   0.01184  0.000737    0.0287        32       640     0.242    0.3946    0.1696   0.08774   0.04317   0.07105   0.01525
   296/799     9.22G   0.01673   0.01251 0.0007642   0.03001        57       640    0.2424    0.4004    0.1659   0.08363   0.04288    0.0702   0.01521
   297/799     9.22G   0.01656   0.01194 0.0008259   0.02933        59       640     0.237    0.3874    0.1621   0.08548   0.04304    0.0704   0.01492
   298/799     9.22G   0.01681   0.01287 0.0008029   0.03048        72       640    0.2329    0.4003    0.1697   0.08915   0.04275   0.07035   0.01466
   299/799     9.22G   0.01713   0.01259 0.0008073   0.03052        68       640    0.2364    0.4004    0.1659   0.08731   0.04322   0.06948   0.01505
   300/799     9.22G   0.01634   0.01225 0.0008405   0.02943        46       640    0.2237    0.3959    0.1624   0.08778   0.04297   0.07053   0.01475
   301/799     9.22G   0.01638   0.01252 0.0006701   0.02957        56       640    0.2345    0.3898     0.164   0.08605   0.04301   0.07079   0.01439
   302/799     9.22G   0.01698   0.01311 0.0007276   0.03081        68       640    0.2337    0.3883    0.1636   0.08743   0.04373   0.07092   0.01527
   303/799     9.22G    0.0163    0.0123 0.0009058   0.02951        58       640    0.2209    0.3778    0.1604   0.08613   0.04443   0.07009   0.01471
   304/799     9.22G    0.0162   0.01241 0.0007608   0.02937        68       640    0.2219     0.369    0.1578   0.08389   0.04432   0.07084   0.01454
   305/799     9.22G    0.0161   0.01202 0.0007181   0.02884        27       640    0.2264    0.3742    0.1619   0.08718   0.04377   0.07046   0.01467
   306/799     9.22G   0.01621   0.01239 0.0008418   0.02944        69       640    0.2225    0.3919    0.1621   0.08614   0.04399   0.06977   0.01464
   307/799     9.22G   0.01641    0.0128 0.0007578   0.02997        53       640    0.2192    0.3832     0.161   0.08646   0.04454    0.0711   0.01535
   308/799     9.22G   0.01602   0.01236 0.0007024   0.02908        37       640    0.2263    0.3777    0.1498   0.08023   0.04492   0.07056   0.01596
   309/799     9.22G    0.0161   0.01205 0.0008012   0.02896        72       640    0.2207    0.3708    0.1506   0.07999   0.04452   0.07044   0.01554
   310/799     9.22G    0.0165   0.01242 0.0007292   0.02965        38       640    0.2303    0.3793    0.1569   0.08323   0.04331   0.07011   0.01473
   311/799     9.22G   0.01638    0.0126 0.0007813   0.02977        58       640    0.2377    0.3837    0.1569   0.07998   0.04298   0.07062   0.01453
   312/799     9.22G   0.01592   0.01218 0.0008017   0.02889        42       640    0.2282    0.3897    0.1646   0.08374   0.04265   0.07153   0.01454
   313/799     9.22G   0.01626   0.01245 0.0007406   0.02945        44       640    0.2292    0.3888    0.1574   0.08007    0.0428    0.0715   0.01513
   314/799     9.22G   0.01649   0.01166 0.0006625   0.02881        51       640    0.2256    0.3663    0.1462   0.07482   0.04285    0.0733   0.01546
   315/799     9.22G   0.01639   0.01214 0.0007343   0.02926        47       640    0.2296    0.3783    0.1528   0.07868   0.04255   0.07211   0.01448
   316/799     9.22G   0.01601   0.01206 0.0007689   0.02884        53       640    0.2268    0.3633      0.15    0.0781    0.0431   0.07305   0.01467
   317/799     9.22G   0.01609   0.01273 0.0006908   0.02951        83       640    0.2238    0.3643     0.163   0.08593     0.043   0.07218   0.01446
   318/799     9.22G   0.01582   0.01264 0.0007304   0.02919        38       640    0.2255    0.3661    0.1576   0.08277   0.04312   0.07233   0.01429
   319/799     9.22G   0.01593   0.01182  0.000649   0.02841        57       640    0.2309     0.364    0.1552   0.07922   0.04327   0.07161   0.01436
   320/799     9.22G   0.01588   0.01189 0.0007427   0.02851        68       640    0.2303    0.3741    0.1574   0.08033   0.04324   0.07218   0.01454
   321/799     9.22G   0.01662   0.01264 0.0007875   0.03005        45       640    0.2325    0.3802    0.1597   0.08181   0.04315   0.07066     0.014
   322/799     9.22G   0.01615   0.01215 0.0007171   0.02901        49       640    0.2278    0.3635    0.1572    0.0812   0.04332   0.07128    0.0143
   323/799     9.22G    0.0169   0.01221 0.0006764   0.02978        43       640    0.2289    0.3724     0.158   0.08275    0.0443   0.07062   0.01387
   324/799     9.22G   0.01602   0.01243 0.0006922   0.02914        49       640    0.2271    0.3706     0.165   0.08656   0.04549   0.06957   0.01462
   325/799     9.22G   0.01573   0.01214 0.0008061   0.02868        37       640    0.2302    0.3778    0.1717   0.09152   0.04517   0.07127   0.01598
   326/799     9.22G   0.01552   0.01185 0.0007768   0.02816        56       640    0.2181    0.3601    0.1596   0.08644   0.04476   0.07289   0.01613
   327/799     9.22G   0.01555   0.01158 0.0006967   0.02783        40       640     0.217     0.368    0.1616   0.08821   0.04472   0.07286   0.01516
   328/799     9.22G    0.0161   0.01227 0.0006442   0.02902        59       640    0.2259    0.3849    0.1642   0.08853   0.04498   0.07206   0.01487
   329/799     9.22G   0.01632   0.01196 0.0007387   0.02902        67       640    0.2234    0.3765    0.1606   0.08627   0.04503   0.07153   0.01467
   330/799     9.22G   0.01577   0.01181 0.0006225   0.02821        44       640    0.2166    0.3635    0.1467   0.07944   0.04528   0.07136   0.01563
   331/799     9.22G   0.01553    0.0117 0.0006471   0.02788        68       640    0.2212    0.3705    0.1488   0.08072   0.04475   0.07263   0.01644
   332/799     9.22G    0.0164    0.0123 0.0007483   0.02945        46       640    0.2254    0.3854    0.1546   0.08153    0.0444   0.07192   0.01592
   333/799     9.22G   0.01559   0.01166 0.0006939   0.02795        65       640    0.2147    0.3728    0.1544   0.08294   0.04438   0.07257   0.01556
   334/799     9.22G   0.01546   0.01189 0.0007622   0.02811        36       640    0.2181    0.3677    0.1475   0.07736   0.04407   0.07263   0.01613
   335/799     9.22G   0.01618   0.01285 0.0007452   0.02978        62       640    0.2207    0.3653    0.1459   0.07732   0.04495   0.07192   0.01703
   336/799     9.22G   0.01593   0.01175 0.0007134   0.02839        36       640    0.2184    0.3606    0.1457   0.07668    0.0452   0.07182   0.01662
   337/799     9.22G    0.0159   0.01165 0.0006662   0.02821        44       640    0.2244    0.3658    0.1434   0.07609   0.04501   0.07204   0.01584
   338/799     9.22G   0.01624    0.0121 0.0007526   0.02909        28       640    0.2292    0.3858    0.1525   0.07994   0.04479   0.07156   0.01557
   339/799     9.22G   0.01546   0.01203 0.0006677   0.02816        47       640    0.2188    0.3805    0.1508   0.08012   0.04409   0.07162   0.01446
   340/799     9.22G   0.01558   0.01177 0.0006545   0.02801        37       640    0.2214    0.3695    0.1497   0.07823   0.04361   0.07256   0.01379
   341/799     9.22G   0.01589   0.01214  0.000695   0.02872       102       640    0.2284    0.3776    0.1566   0.08319   0.04349   0.07274   0.01387
   342/799     9.22G    0.0152   0.01156 0.0006477   0.02741        44       640    0.2212    0.3659     0.159    0.0838    0.0437   0.07364   0.01411
   343/799     9.22G   0.01559   0.01226 0.0006303   0.02847        53       640    0.2218    0.3695    0.1588   0.08247   0.04415   0.07318   0.01421
   344/799     9.22G   0.01556   0.01248 0.0007092   0.02875        72       640    0.2221    0.3733    0.1606   0.08268   0.04459   0.07285    0.0148
   345/799     9.22G   0.01569   0.01158 0.0007225   0.02799        53       640    0.2198    0.3697    0.1535   0.07973   0.04496   0.07211   0.01554
   346/799     9.22G   0.01528   0.01149 0.0006623   0.02744        82       640    0.2216    0.3735    0.1442   0.07509   0.04517   0.07283   0.01568
   347/799     9.22G   0.01486   0.01142 0.0006579   0.02694        45       640    0.2225    0.3624    0.1494   0.07599   0.04481   0.07424   0.01465
   348/799     9.22G   0.01533   0.01134 0.0006786   0.02735        65       640    0.2133    0.3543    0.1422   0.07333   0.04431   0.07567    0.0141
   349/799     9.22G   0.01517   0.01131  0.000627   0.02711        62       640     0.213    0.3482    0.1473   0.07779   0.04412   0.07552   0.01387
   350/799     9.22G   0.01488   0.01137 0.0006519   0.02691        42       640    0.2181     0.359    0.1499   0.07972   0.04372   0.07535   0.01331
   351/799     9.22G   0.01574   0.01155 0.0006949   0.02799        46       640    0.2213    0.3711    0.1582    0.0845   0.04333   0.07364   0.01301
   352/799     9.22G   0.01481   0.01136 0.0006313   0.02681        47       640    0.2161    0.3703     0.153   0.08088   0.04385   0.07329   0.01296
   353/799     9.22G   0.01522   0.01206 0.0007522   0.02803        53       640    0.2239    0.3745    0.1576   0.08209   0.04403   0.07313   0.01298
   354/799     9.22G   0.01542   0.01157 0.0007757   0.02776        40       640    0.2202    0.3676    0.1565   0.08043   0.04333   0.07259   0.01271
   355/799     9.22G   0.01504   0.01171 0.0006755   0.02742        62       640     0.219    0.3777    0.1555   0.07879    0.0429   0.07327   0.01277
   356/799     9.22G   0.01522   0.01147  0.000646   0.02734        48       640    0.2192    0.3765     0.153    0.0794   0.04284   0.07335   0.01351
   357/799     9.22G   0.01534   0.01171 0.0006777   0.02773        71       640    0.2187    0.3647    0.1513   0.08118   0.04347   0.07345   0.01419
   358/799     9.22G     0.015    0.0119  0.000608    0.0275        58       640    0.2268    0.3746    0.1609   0.08435   0.04365   0.07299   0.01408
   359/799     9.22G   0.01509   0.01117  0.000583   0.02684        54       640    0.2276    0.3713      0.16   0.08534   0.04369   0.07323   0.01387
   360/799     9.22G   0.01541   0.01145 0.0006449    0.0275        30       640    0.2276    0.3832    0.1557   0.08442   0.04255   0.07309   0.01296
   361/799     9.22G   0.01525   0.01095 0.0006597   0.02686        42       640    0.2237    0.3784    0.1498    0.0795   0.04406   0.07373   0.01444
   362/799     9.22G   0.01516   0.01144 0.0007043   0.02731        44       640    0.2223    0.3747    0.1522   0.08215   0.04409   0.07337   0.01471
   363/799     9.22G   0.01552   0.01126 0.0006567   0.02744        59       640    0.2175    0.3599      0.14    0.0748   0.04424   0.07401   0.01511
   364/799     9.22G   0.01557   0.01137 0.0006647   0.02761        67       640    0.2089    0.3499    0.1343   0.07157   0.04433   0.07412   0.01587
   365/799     9.22G   0.01506   0.01109 0.0006345   0.02679        68       640    0.2208    0.3643    0.1396    0.0743   0.04409   0.07406   0.01648
   366/799     9.22G   0.01481    0.0105 0.0006304   0.02594        69       640     0.218    0.3748    0.1479   0.07898   0.04407    0.0745   0.01655
   367/799     9.22G   0.01479   0.01108 0.0006604   0.02653        58       640     0.224    0.3797    0.1514   0.08293   0.04389   0.07459   0.01665
   368/799     9.22G   0.01456   0.01109 0.0005944   0.02624        69       640    0.2275     0.379    0.1514    0.0831   0.04361   0.07482   0.01637
   369/799     9.22G   0.01506   0.01147 0.0006095   0.02714        60       640    0.2209    0.3683    0.1503   0.08229   0.04359   0.07473   0.01611
   370/799     9.22G   0.01466   0.01094  0.000661   0.02626        33       640    0.2277    0.3708    0.1433   0.07656   0.04372   0.07535   0.01663
   371/799     9.22G   0.01465   0.01137 0.0006097   0.02663        44       640    0.2244    0.3704    0.1452   0.07813   0.04366   0.07544   0.01664
   372/799     9.22G   0.01497   0.01163 0.0006179   0.02722        36       640    0.2207     0.361    0.1441   0.07761   0.04351    0.0753   0.01668
   373/799     9.22G   0.01458   0.01103 0.0006424   0.02625        48       640    0.2158    0.3584    0.1425   0.07748   0.04332   0.07542   0.01589
   374/799     9.22G    0.0147   0.01147 0.0006143   0.02678        51       640    0.2128    0.3585    0.1464   0.08019   0.04333   0.07602   0.01598
   375/799     9.22G   0.01452    0.0113  0.000694   0.02651        56       640    0.2202    0.3697    0.1467   0.08006   0.04339   0.07585    0.0156
   376/799     9.22G    0.0151   0.01097 0.0006495   0.02672        65       640    0.2221    0.3742    0.1494   0.08141   0.04334   0.07518   0.01509
   377/799     9.22G   0.01454   0.01079 0.0006098   0.02595        38       640    0.2179    0.3689    0.1538    0.0827   0.04349   0.07479   0.01499
   378/799     9.22G    0.0147   0.01099 0.0006137    0.0263        57       640    0.2142    0.3717    0.1529   0.08329   0.04362   0.07437   0.01489
   379/799     9.22G   0.01457   0.01157 0.0006976   0.02684        53       640      0.22    0.3719    0.1487   0.07983   0.04414   0.07447   0.01505
   380/799     9.22G    0.0144   0.01099 0.0006496   0.02603        75       640    0.2173    0.3644     0.151   0.08237   0.04476   0.07493   0.01531
   381/799     9.22G   0.01445    0.0111 0.0005938   0.02614        45       640    0.2194    0.3582    0.1522   0.08236   0.04478   0.07486    0.0155
   382/799     9.22G   0.01467   0.01122 0.0005595   0.02645        85       640    0.2208    0.3635    0.1511   0.08267   0.04476   0.07448    0.0159
   383/799     9.22G   0.01469   0.01124 0.0006576   0.02659        53       640     0.219    0.3685    0.1504   0.08009   0.04477     0.074   0.01554
   384/799     9.22G   0.01484   0.01113 0.0006896   0.02665        53       640     0.215    0.3667     0.151   0.07951   0.04499   0.07372   0.01526
   385/799     9.22G   0.01446   0.01155 0.0005544   0.02656        61       640    0.2105    0.3675    0.1486   0.07909   0.04493   0.07355   0.01511
   386/799     9.22G   0.01435   0.01149 0.0005847   0.02642        45       640     0.215    0.3652    0.1443   0.07532   0.04498   0.07402   0.01568
   387/799     9.22G   0.01462   0.01107 0.0006057   0.02629        52       640    0.2185    0.3714    0.1461   0.07577   0.04486   0.07483   0.01585
   388/799     9.22G   0.01471   0.01114 0.0005904   0.02644        54       640    0.2193    0.3677    0.1496    0.0773   0.04459   0.07479    0.0154
   389/799     9.22G   0.01444   0.01131 0.0005883   0.02634        45       640    0.2149    0.3649    0.1529   0.08095   0.04441   0.07474   0.01541
   390/799     9.22G   0.01474   0.01098 0.0006438   0.02636        68       640    0.2165    0.3651    0.1511   0.08055   0.04441   0.07536   0.01567
   391/799     9.22G   0.01423   0.01108 0.0006624   0.02597        65       640    0.2145    0.3573    0.1472   0.07976   0.04452   0.07557   0.01616
   392/799     9.22G   0.01457   0.01181 0.0006387   0.02701        91       640    0.2105     0.359    0.1454   0.08155   0.04483   0.07553   0.01682
   393/799     9.22G   0.01404   0.01077 0.0006185   0.02543        66       640    0.2097    0.3493     0.149   0.08239   0.04512   0.07594    0.0172
   394/799     9.22G   0.01487   0.01115 0.0006904   0.02671        45       640    0.2156    0.3597    0.1478   0.08023   0.04533   0.07572   0.01701
   395/799     9.22G   0.01424   0.01119 0.0006369   0.02607        45       640      0.22    0.3697    0.1528   0.08102   0.04508   0.07471   0.01638
   396/799     9.22G   0.01402   0.01082 0.0005649    0.0254        54       640    0.2227    0.3728    0.1505   0.07799   0.04466   0.07544   0.01598
   397/799     9.22G   0.01384   0.01112 0.0006058   0.02557        58       640    0.2253     0.376    0.1524   0.07785   0.04433   0.07531   0.01572
   398/799     9.22G   0.01431   0.01168 0.0006629   0.02665        62       640    0.2224    0.3847    0.1572   0.08134   0.04423   0.07533   0.01588
   399/799     9.22G     0.014   0.01116 0.0006299   0.02579        55       640    0.2212    0.3788    0.1573   0.08195   0.04456   0.07537   0.01628
   400/799     9.22G   0.01424   0.01088 0.0006589   0.02578        56       640    0.2283    0.3816    0.1578   0.08374   0.04468   0.07536   0.01628
   401/799     9.22G   0.01395   0.01062  0.000591   0.02516        59       640    0.2217    0.3686    0.1567   0.08503   0.04497   0.07491   0.01662
   402/799     9.22G   0.01456   0.01096 0.0006156   0.02614        46       640    0.2272     0.374    0.1573   0.08487   0.04493   0.07496   0.01645
   403/799     9.22G    0.0137   0.01114 0.0006024   0.02544        37       640    0.2239    0.3762    0.1555    0.0843   0.04468   0.07543   0.01636
   404/799     9.22G   0.01392   0.01054 0.0005454   0.02501        43       640    0.2154    0.3591    0.1481   0.08124   0.04466   0.07581   0.01557
   405/799     9.22G   0.01384   0.01078 0.0005962   0.02521        54       640    0.2143    0.3529    0.1444   0.07695    0.0447   0.07583   0.01494
   406/799     9.22G   0.01423   0.01068 0.0006165   0.02552        50       640    0.2156    0.3497     0.148   0.07809    0.0447   0.07578   0.01487
   407/799     9.22G   0.01375   0.01095 0.0006252   0.02533        32       640    0.2206    0.3623    0.1522   0.08083    0.0447   0.07591   0.01488
   408/799     9.22G   0.01399   0.01073 0.0005803   0.02531        70       640    0.2233     0.364    0.1508   0.07975    0.0445   0.07547   0.01455
   409/799     9.22G   0.01427   0.01116 0.0007242   0.02615        39       640    0.2227    0.3626    0.1523   0.08053   0.04473   0.07508   0.01522
   410/799     9.22G    0.0135   0.01063 0.0005765   0.02471        51       640    0.2246    0.3739    0.1531   0.08196   0.04465   0.07522   0.01545
   411/799     9.22G   0.01381   0.01066 0.0006594   0.02513        88       640    0.2244    0.3716    0.1575   0.08368   0.04454   0.07654   0.01575
   412/799     9.22G   0.01408   0.01017 0.0007054   0.02495        58       640    0.2267    0.3693    0.1539   0.08295    0.0447   0.07647   0.01598
   413/799     9.22G   0.01372   0.01107 0.0005563   0.02535        27       640    0.2237    0.3709    0.1629   0.08554    0.0447   0.07638    0.0159
   414/799     9.22G   0.01385   0.01097 0.0005664   0.02539        88       640     0.223    0.3743    0.1642   0.08622   0.04471   0.07562   0.01597
   415/799     9.22G   0.01415   0.01103 0.0006957   0.02587        58       640    0.2171    0.3806    0.1608   0.08404   0.04446   0.07557   0.01599
   416/799     9.22G   0.01414   0.01071 0.0005472   0.02539        45       640    0.2204    0.3832    0.1597   0.08461   0.04424   0.07547   0.01574
   417/799     9.22G   0.01398   0.01088 0.0006896   0.02555        69       640    0.2223    0.3806    0.1547   0.08047   0.04397   0.07576   0.01543
   418/799     9.22G   0.01373   0.01095 0.0005631   0.02524        51       640    0.2232    0.3781     0.154   0.08008   0.04385   0.07576   0.01552
   419/799     9.22G   0.01338   0.01069  0.000598   0.02467        46       640    0.2192    0.3741    0.1516   0.07987   0.04391   0.07638   0.01567
   420/799     9.22G   0.01346   0.01061 0.0005783   0.02465        53       640    0.2238    0.3796    0.1531   0.07995   0.04397    0.0766   0.01594
   421/799     9.22G   0.01388   0.01047  0.000673   0.02502        47       640     0.225    0.3791    0.1547   0.08067   0.04414   0.07618   0.01565
   422/799     9.22G   0.01371    0.0107 0.0005317   0.02493        37       640    0.2219    0.3694    0.1559   0.08113     0.044   0.07586   0.01517
   423/799     9.22G   0.01384   0.01092 0.0006401    0.0254        56       640    0.2282    0.3762    0.1582   0.08234   0.04392   0.07605   0.01492
   424/799     9.22G   0.01373   0.01062 0.0006572   0.02501        72       640    0.2333    0.3795    0.1572   0.08006   0.04377   0.07618   0.01424
   425/799     9.22G   0.01347   0.01058  0.000538   0.02459        37       640    0.2303    0.3787     0.156   0.08034   0.04362   0.07628    0.0138
   426/799     9.22G   0.01341    0.0108 0.0005442   0.02475        67       640    0.2257    0.3788     0.156    0.0802   0.04367   0.07637   0.01367
   427/799     9.22G   0.01351   0.01073 0.0005746   0.02482        35       640    0.2262    0.3733    0.1604   0.08305   0.04384   0.07652   0.01376
   428/799     9.22G   0.01406   0.01105 0.0005989   0.02571        55       640    0.2257    0.3724    0.1574   0.08209   0.04399   0.07646   0.01377
   429/799     9.22G   0.01354   0.01056 0.0006171   0.02472        47       640    0.2323    0.3832    0.1587   0.08228   0.04379   0.07602   0.01355
   430/799     9.22G   0.01337   0.01027  0.000563   0.02421        75       640    0.2271    0.3799    0.1593   0.08397   0.04389   0.07607   0.01325
   431/799     9.22G   0.01349   0.01104 0.0005416   0.02507        62       640    0.2293    0.3806    0.1535   0.07944   0.04421   0.07601   0.01332
   432/799     9.22G   0.01335    0.0103 0.0005905   0.02424        27       640    0.2238    0.3735     0.153   0.07875   0.04423   0.07605   0.01354
   433/799     9.22G   0.01306   0.01027 0.0005972   0.02393        67       640    0.2189    0.3685    0.1458   0.07457   0.04403    0.0765   0.01388
   434/799     9.22G   0.01348    0.0108 0.0006005   0.02488        57       640    0.2211    0.3701    0.1455   0.07376   0.04425   0.07656   0.01443
   435/799     9.22G   0.01314   0.01068 0.0006394   0.02446        67       640    0.2253    0.3746    0.1487   0.07557   0.04445   0.07672   0.01478
   436/799     9.22G   0.01317    0.0107 0.0005113   0.02438        53       640     0.225    0.3733    0.1478   0.07634   0.04453   0.07644   0.01469
   437/799     9.22G   0.01333   0.01038 0.0005232   0.02424        84       640    0.2228    0.3652    0.1506   0.07892   0.04458   0.07646   0.01441
   438/799     9.22G   0.01361   0.01092 0.0005132   0.02505        79       640    0.2248    0.3701    0.1512   0.07967   0.04439   0.07624   0.01393
   439/799     9.22G   0.01334   0.01094 0.0005535   0.02484        66       640    0.2271    0.3666    0.1508   0.08022   0.04419   0.07609   0.01363
   440/799     9.22G    0.0129   0.01018  0.000564   0.02365        61       640    0.2289    0.3697    0.1475   0.07834   0.04444   0.07635   0.01368
   441/799     9.22G   0.01407   0.01056 0.0005068   0.02513        44       640    0.2261    0.3629    0.1447   0.07595   0.04463   0.07602   0.01377
   442/799     9.22G   0.01334   0.01051 0.0005857   0.02444        46       640    0.2278     0.364    0.1452   0.07689   0.04476   0.07591   0.01405
   443/799     9.22G   0.01275   0.01077  0.000583   0.02411        57       640    0.2241     0.363     0.147   0.07829   0.04482   0.07612   0.01415
   444/799     9.22G   0.01335   0.01035 0.0005107    0.0242        62       640     0.224    0.3637    0.1537    0.0816   0.04478   0.07599   0.01364
   445/799     9.22G   0.01349   0.01065 0.0005637    0.0247        49       640    0.2242    0.3646    0.1529   0.07964   0.04492   0.07593   0.01367
   446/799     9.22G   0.01319   0.01007 0.0005568   0.02382        53       640      0.22    0.3596    0.1495    0.0786   0.04512   0.07606   0.01371
